16 124
256 118
81 106
64 104
4 102
9 96
36 96
25 94
144 90
49 89
100 89
169 85
324 85
121 84
196 82
225 82
361 79
289 78
400 74
625 72
529 69
484 69
441 69
576 68
676 61
729 57
68 53
122 53
784 52
70 52
58 52
235 52
82 51
78 51
37 51
48 51
24 51
20 51
27 51
26 51
93 51
133 50
145 50
163 50
230 50
42 50
900 50
75 50
17 50
3 50
67 50
118 49
337 49
89 49
19 49
12 49
85 49
88 49
103 49
277 49
46 49
125 49
22 49
87 49
205 49
108 49
54 49
192 48
94 48
56 48
69 48
73 48
841 48
79 48
5 48
28 48
31 48
30 48
92 48
23 48
255 48
117 47
143 47
43 47
182 47
153 47
393 47
210 47
63 47
160 47
62 47
10 47
172 47
114 47
102 47
150 47
15 47
76 47
141 47
373 47
59 47
158 47
60 46
372 46
142 46
137 46
151 46
273 46
212 46
1024 46
55 46
40 46
7 46
130 46
276 46
214 46
97 46
232 46
104 46
90 46
346 46
167 46
154 46
148 46
33 46
124 46
147 46
44 45
71 45
254 45
6 45
83 45
132 45
164 45
80 45
226 45
21 45
215 45
51 45
29 45
243 45
961 45
101 45
166 45
292 45
284 45
74 45
258 45
356 45
190 45
84 45
34 44
157 44
136 44
327 44
231 44
264 44
112 44
45 44
304 44
280 44
211 44
38 44
120 44
149 44
313 44
47 44
189 44
283 44
431 44
109 44
131 44
165 44
53 44
271 44
272 44
106 44
199 44
123 44
386 44
14 44
135 44
96 44
310 44
218 44
274 43
294 43
265 43
228 43
11 43
39 43
293 43
146 43
267 43
318 43
222 43
105 43
41 43
110 43
99 43
116 43
61 42
278 42
52 42
383 42
335 42
66 42
185 42
156 42
180 42
177 42
247 42
181 42
159 42
236 42
300 42
312 42
176 42
227 42
328 42
127 42
458 42
13 42
320 42
220 42
119 42
191 42
170 42
139 42
138 42
216 42
352 41
174 41
217 41
77 41
234 41
152 41
403 41
268 41
161 41
363 41
194 41
447 41
187 41
221 41
394 41
126 41
233 41
404 41
316 41
107 41
357 41
263 41
334 41
370 41
238 41
171 41
168 41
213 41
262 41
188 41
367 41
207 41
209 40
449 40
223 40
65 40
237 40
240 40
344 40
360 40
317 40
366 40
437 40
204 40
86 40
95 40
323 40
206 40
307 40
652 40
309 40
374 40
184 40
202 40
562 40
341 40
57 40
416 40
382 39
219 39
251 39
417 39
340 39
113 39
456 39
501 39
483 39
453 39
426 39
224 39
250 39
175 39
296 39
333 39
435 39
179 39
183 39
111 39
379 39
405 39
203 39
298 39
358 39
376 39
343 39
134 39
195 39
408 39
389 39
580 39
362 39
332 39
322 39
253 39
295 38
91 38
115 38
178 38
129 38
269 38
388 38
423 38
387 38
345 38
249 38
208 38
140 38
368 38
261 38
443 38
308 38
193 38
411 38
587 38
252 38
325 38
487 38
514 38
270 38
248 38
359 38
468 38
229 38
245 38
538 38
604 38
299 38
291 38
402 38
440 38
286 37
1156 37
520 37
432 37
397 37
287 37
329 37
321 37
385 37
401 37
482 37
364 37
619 37
1296 37
503 37
354 37
469 37
572 37
532 37
201 37
622 37
35 37
445 37
246 37
281 37
436 37
173 37
336 37
279 37
257 37
355 37
406 37
455 37
197 37
418 37
728 37
353 37
488 37
315 37
522 37
384 37
260 37
396 37
1089 37
433 36
425 36
266 36
347 36
594 36
442 36
507 36
613 36
330 36
454 36
708 36
305 36
369 36
628 36
421 36
186 36
531 36
478 36
530 36
198 36
491 36
331 36
472 36
302 36
349 36
350 36
244 36
551 36
412 36
500 36
371 36
526 35
409 35
498 35
342 35
632 35
544 35
275 35
430 35
314 35
495 35
763 35
303 35
508 35
448 35
528 35
675 35
596 35
301 35
574 35
565 35
730 35
640 35
467 35
588 35
590 35
375 35
282 35
685 35
444 35
391 35
564 35
399 35
618 35
545 35
492 35
285 35
459 35
446 35
496 35
439 35
424 35
429 35
668 35
582 34
575 34
537 34
348 34
290 34
616 34
475 34
502 34
817 34
414 34
377 34
471 34
696 34
623 34
485 34
518 34
536 34
589 34
452 34
511 34
493 34
504 34
776 34
239 34
410 34
521 34
474 34
600 34
639 34
523 34
629 34
380 34
420 34
155 34
381 34
378 34
577 34
638 34
524 34
460 34
490 34
306 34
365 34
738 34
630 33
477 33
920 33
697 33
606 33
694 33
395 33
390 33
583 33
519 33
517 33
319 33
540 33
584 33
599 33
563 33
1054 33
407 33
555 33
259 33
556 33
805 33
499 33
311 33
326 33
637 33
569 33
480 33
241 33
486 33
422 33
658 33
1225 33
553 33
647 32
592 32
428 32
610 32
494 32
351 32
621 32
535 32
683 32
612 32
715 32
438 32
824 32
464 32
733 32
573 32
552 32
567 32
463 32
988 32
748 32
940 32
339 32
525 32
542 32
570 32
664 32
466 32
427 32
451 32
413 32
461 32
415 32
605 31
796 31
539 31
603 31
457 31
780 31
735 31
682 31
549 31
665 31
756 31
634 31
602 31
672 31
516 31
768 31
662 31
505 31
465 31
548 31
684 31
660 31
479 31
297 31
644 31
649 31
506 31
753 31
642 31
476 30
646 30
643 30
571 30
513 30
704 30
558 30
566 30
844 30
547 30
678 30
497 30
688 30
801 30
793 30
656 30
608 30
932 30
624 30
633 30
698 30
550 30
568 30
787 30
1010 30
762 30
667 30
745 30
636 30
754 30
591 29
661 29
654 29
398 29
680 29
732 29
772 29
615 29
978 29
586 29
614 29
541 29
689 29
774 29
585 29
554 29
888 29
706 29
848 29
921 29
828 29
681 29
607 29
609 29
597 29
593 29
802 29
561 29
815 28
659 28
419 28
560 28
543 28
617 28
671 28
481 28
434 28
737 28
687 28
691 28
470 28
515 28
924 28
534 28
718 28
673 28
814 28
489 28
856 28
510 28
757 28
790 28
914 28
807 28
778 28
559 28
904 28
700 28
740 28
1018 28
1004 28
798 28
858 28
686 28
627 28
760 27
876 27
836 27
709 27
1003 27
898 27
809 27
473 27
546 27
797 27
509 27
867 27
462 27
626 27
736 27
826 27
533 27
750 27
868 27
853 27
782 27
670 27
832 27
631 27
595 27
972 27
781 27
666 27
650 27
721 27
913 27
598 27
711 27
892 27
788 27
717 27
846 27
1026 27
752 27
785 27
723 27
707 27
657 27
1079 27
1076 26
724 26
1092 26
1023 26
909 26
775 26
840 26
773 26
725 26
601 26
744 26
747 26
702 26
663 26
881 26
655 26
1042 26
930 26
720 26
934 26
948 26
635 26
677 26
620 26
816 26
820 26
837 26
695 26
822 26
903 26
713 26
941 26
1082 26
645 26
1369 26
933 26
557 26
908 26
1066 26
755 26
726 26
767 26
852 26
905 26
690 26
864 26
794 25
922 25
791 25
806 25
872 25
1020 25
1084 25
879 25
877 25
710 25
746 25
581 25
874 25
1075 25
838 25
994 25
901 25
1083 25
742 25
985 25
1172 25
761 25
960 25
641 25
857 25
769 25
803 25
527 25
866 25
674 25
839 25
765 25
1201 25
792 25
983 25
1444 25
653 25
734 25
931 25
989 25
741 25
764 25
842 25
946 25
812 25
958 25
952 24
880 24
1068 24
669 24
1088 24
1110 24
925 24
935 24
929 24
813 24
835 24
896 24
739 24
1012 24
854 24
1094 24
804 24
579 24
928 24
749 24
1033 24
719 24
829 24
986 24
799 24
716 24
927 24
962 24
845 24
1000 24
777 24
889 24
1065 24
942 24
789 24
771 24
887 24
714 24
1056 24
1104 24
992 24
1093 24
701 24
1002 23
1162 23
1060 23
847 23
834 23
870 23
1142 23
959 23
821 23
1146 23
917 23
1005 23
944 23
703 23
810 23
891 23
937 23
975 23
849 23
1136 23
915 23
984 23
878 23
811 23
907 23
1009 23
1193 23
1030 23
884 23
758 23
1521 23
890 23
1006 23
850 23
919 23
1085 23
830 23
949 23
964 23
818 23
1158 23
981 23
705 23
1070 23
970 23
1032 23
980 23
861 23
895 23
1132 22
1154 22
956 22
1105 22
999 22
819 22
871 22
843 22
1202 22
1086 22
860 22
712 22
1268 22
1108 22
873 22
883 22
1021 22
990 22
699 22
1080 22
1177 22
1029 22
1207 22
759 22
974 22
611 22
902 22
1008 22
957 22
779 22
996 22
751 22
693 22
1120 22
1001 22
1031 22
938 22
976 22
911 22
1206 22
1047 22
1045 22
1014 22
770 22
823 22
1126 22
833 22
1310 22
1358 22
918 22
947 22
1176 22
727 22
651 21
1348 21
1007 21
993 21
1096 21
1384 21
808 21
910 21
1343 21
963 21
1053 21
1016 21
1041 21
1312 21
1151 21
825 21
899 21
969 21
743 21
1179 21
1099 21
987 21
1087 21
1116 21
973 21
998 21
1040 21
1240 21
885 21
859 21
766 21
1196 21
950 21
1109 21
851 21
865 21
923 21
1182 21
783 21
1200 21
1077 21
692 21
945 21
1170 20
731 20
1022 20
906 20
1103 20
1034 20
875 20
1166 20
1112 20
1188 20
1015 20
1261 20
1424 20
1133 20
1074 20
954 20
1114 20
1313 20
786 20
855 20
894 20
1122 20
995 20
1194 20
1342 20
1220 20
831 20
1195 20
679 20
1078 20
1362 20
1600 20
1117 20
1062 20
1061 20
1192 20
1064 20
1095 20
827 20
1118 20
1017 20
1063 20
951 20
1306 20
1052 20
943 20
1297 20
1101 20
916 20
1127 20
936 20
1019 20
1228 19
795 19
926 19
1050 19
1210 19
1241 19
1204 19
1067 19
1252 19
1107 19
977 19
1028 19
1025 19
965 19
1044 19
997 19
1049 19
1057 19
1294 19
1164 19
1071 19
971 19
1119 19
953 19
1336 19
1125 19
1051 19
1038 19
1036 19
1190 18
1189 18
1221 18
869 18
967 18
1367 18
1184 18
1408 18
1432 18
1100 18
1378 18
1137 18
1140 18
1098 18
1276 18
1073 18
862 18
1013 18
1214 18
912 18
1300 18
1129 18
1230 18
1218 18
1069 18
1364 18
1223 18
1147 18
1198 18
1090 18
1209 18
1234 18
1149 18
1257 18
1303 18
886 18
1290 18
1284 18
1072 18
1143 18
1237 18
1175 18
1161 18
1037 18
1215 18
1183 18
1354 18
1484 17
1055 17
966 17
1248 17
1269 17
1256 17
242 17
1308 17
1345 17
1121 17
1422 17
1048 17
1254 17
1346 17
1216 17
1081 17
1368 17
1428 17
1246 17
1263 17
1330 17
1035 17
991 17
1111 17
1347 17
1169 17
1180 17
893 17
1320 17
1113 17
1295 17
1213 17
1197 17
1128 17
1272 17
1236 17
1414 17
1262 17
1438 17
1386 17
1124 17
1326 17
1322 17
1287 17
1106 17
1097 17
1148 17
1130 17
1171 17
1203 17
1337 17
1423 17
1357 16
1211 16
1173 16
897 16
1374 16
1588 16
1292 16
955 16
1301 16
1487 16
1319 16
1270 16
1043 16
1242 16
1375 16
939 16
1302 16
1482 16
1232 16
1178 16
1135 16
1102 16
1235 16
1406 16
1334 16
863 16
1224 16
1168 16
1167 16
1410 16
1145 16
1217 16
1506 16
1123 16
1187 16
1380 16
1153 16
1139 16
1459 16
1046 16
1540 16
1212 16
1580 16
1291 16
1561 16
1333 16
1059 16
1332 16
1239 16
1245 16
1027 16
1039 16
1314 16
1324 16
1323 16
1011 16
1307 16
1304 16
1385 16
1305 16
1363 16
1205 16
1233 16
1335 15
1465 15
1222 15
1278 15
1448 15
1353 15
1462 15
1144 15
1160 15
1573 15
1582 15
50 15
1412 15
1426 15
1186 15
982 15
1338 15
1372 15
1115 15
1681 15
1159 15
1231 15
1545 15
1563 15
1282 15
1267 15
1477 15
1498 15
1318 15
1150 15
1537 15
1208 15
1356 15
1350 15
1500 15
1273 15
1359 15
1486 15
1317 15
1134 15
1288 15
1280 15
1155 15
1091 15
1398 15
1199 15
1249 15
338 15
1289 15
1572 15
1293 15
1376 15
1597 15
1258 15
1489 15
1138 15
1504 14
1298 14
1523 14
1277 14
1530 14
1383 14
1496 14
1497 14
1396 14
1340 14
1185 14
1546 14
1764 14
1247 14
1264 14
1266 14
1522 14
1141 14
1404 14
1586 14
1598 14
979 14
1393 14
1309 14
1473 14
1181 14
1260 14
1594 14
1416 14
1244 14
1533 14
1488 14
1475 14
1420 14
1463 14
1157 14
1281 14
1516 14
1577 14
1316 14
1443 14
1478 14
1528 14
1468 14
1174 14
1654 14
392 14
1512 14
1402 14
1271 14
1191 14
1490 13
1387 13
1646 13
1519 13
1389 13
1543 13
1445 13
1460 13
1599 13
1440 13
1603 13
1621 13
1612 13
1535 13
1238 13
1339 13
1455 13
1165 13
1514 13
1576 13
1361 13
1624 13
1590 13
1315 13
1341 13
1407 13
18 13
1401 13
1325 13
1274 13
1534 13
1441 13
1472 13
1452 13
1409 13
1464 13
1641 13
1285 13
1421 13
1259 13
1434 13
1446 13
98 13
450 13
1453 13
1255 13
1538 13
1663 13
1562 13
1510 13
1275 13
1405 13
1344 13
1329 13
1556 13
1286 13
1360 13
1457 13
1569 13
1427 13
1331 13
1515 13
1377 13
1226 13
1544 12
1525 12
1425 12
1492 12
1390 12
1649 12
1507 12
1413 12
1471 12
1430 12
1553 12
72 12
1131 12
1589 12
1616 12
1479 12
1415 12
1219 12
1370 12
1505 12
1417 12
1400 12
1328 12
1578 12
1366 12
1596 12
1418 12
1251 12
1480 12
1679 12
1474 12
1566 12
1442 12
1373 12
1327 12
1609 12
1227 12
1311 12
1382 12
1253 12
1243 12
1518 12
1554 12
1648 12
1564 12
1388 12
1536 12
1726 12
1508 12
1630 12
1379 12
1627 12
1454 12
1532 12
1447 11
1524 11
1587 11
1391 11
1433 11
1513 11
1608 11
1450 11
1469 11
1660 11
1449 11
1431 11
1614 11
1520 11
1435 11
1632 11
1638 11
1548 11
1163 11
1606 11
1644 11
1527 11
1583 11
1585 11
1399 11
1591 11
1593 11
1321 11
1483 11
1494 11
1652 11
1622 11
1592 11
200 11
1381 11
1394 11
1437 11
1365 11
1655 11
1229 11
1571 11
1265 11
1668 11
1491 11
1439 11
1499 11
1349 11
1559 11
1403 11
1436 11
1502 11
1604 10
1723 10
1549 10
1607 10
1429 10
1570 10
1419 10
1647 10
1531 10
1397 10
1628 10
1466 10
1509 10
722 10
1637 10
1605 10
1517 10
1395 10
1560 10
1547 10
1511 10
1650 10
1640 10
1639 10
1708 10
1784 10
288 10
1642 10
1727 10
1299 10
1620 10
1772 10
1392 10
1824 10
1662 10
1485 10
1283 9
1529 9
1503 9
1849 9
1501 9
1633 9
1702 9
578 9
1724 9
1481 9
1736 9
1768 9
1626 9
1692 9
1610 9
1618 9
1617 9
1656 9
1355 9
1279 9
1558 9
1714 9
1680 9
1555 9
1645 9
1666 9
1575 9
1750 9
1526 9
1461 9
1539 9
1411 9
1351 9
1716 9
1565 9
1704 9
1623 9
1700 9
1651 9
1690 8
1689 8
1674 8
1456 8
1567 8
1542 8
1774 8
1823 8
1685 8
1740 8
1780 8
1698 8
1557 8
1676 8
968 8
1735 8
1550 8
1695 8
1669 8
1552 8
1584 8
1785 8
1672 8
1852 8
1718 8
1703 8
1636 8
1856 8
1777 8
1601 8
1476 8
1371 8
1664 8
1670 8
1693 8
1675 8
1467 8
1844 8
1832 8
1657 8
1643 8
1722 8
1673 8
1688 8
1574 8
1686 8
1697 8
1871 8
1694 8
882 8
1729 8
1595 8
1678 8
1684 8
1778 8
1872 7
1828 7
1717 7
1936 7
1705 7
1493 7
1731 7
1738 7
1551 7
800 7
1766 7
1581 7
1762 7
1816 7
1631 7
1658 7
1721 7
1788 7
1725 7
1635 7
1728 7
1579 7
1713 7
1541 7
1761 7
1897 7
1822 7
1751 7
1841 7
1732 7
1888 7
1619 7
1843 7
1742 7
1720 7
1710 7
1659 7
1819 7
1451 7
1760 7
1625 7
1709 7
1790 7
1629 7
1786 7
1730 7
1758 7
1831 7
1804 6
1665 6
1837 6
1867 6
1781 6
1802 6
1839 6
1634 6
1734 6
1696 6
1737 6
1810 6
1882 6
1611 6
1803 6
1929 6
1845 6
1748 6
1470 6
1813 6
1733 6
1868 6
1812 6
1879 6
1671 6
1851 6
1799 6
1858 6
1495 6
1932 6
1791 6
1808 6
1896 6
1613 6
1773 6
1653 6
1687 6
1885 6
1683 6
1756 6
1677 6
1820 6
1765 6
1757 6
1801 6
1866 6
1895 6
1854 6
1707 6
1835 6
1815 6
1792 6
1782 6
1744 6
1873 6
1749 5
1880 5
1890 5
1924 5
1990 5
1771 5
1805 5
1930 5
1926 5
1719 5
1848 5
1838 5
1847 5
1712 5
1602 5
1754 5
1942 5
1796 5
1699 5
1770 5
1836 5
1933 5
1745 5
1846 5
1874 5
1857 5
1783 5
1860 5
1058 5
1830 5
1775 5
1794 5
1959 5
1741 5
1706 5
1825 5
1870 5
1789 5
1821 5
1853 5
1747 5
1842 5
1746 5
1753 5
1862 5
1834 5
1667 4
1826 4
1943 4
648 4
1958 4
1715 4
1881 4
1352 4
1861 4
1865 4
1892 4
1944 4
1743 4
1962 4
1682 4
1739 4
1776 4
1814 4
1903 4
1763 4
1798 4
1769 4
1878 4
1954 4
1911 4
32 4
1894 4
1912 4
1864 4
1964 4
1876 4
1827 4
1759 4
1787 4
1948 4
1928 4
1875 4
1833 4
1900 4
1701 4
1711 4
1916 4
1893 4
1884 4
1915 4
1840 4
1940 4
1797 4
1969 4
1908 4
1904 4
1811 3
1945 3
1850 3
512 3
1250 3
1877 3
1855 3
1869 3
1927 3
1902 3
1920 3
1913 3
1898 3
1968 3
1886 3
1988 3
1859 3
1949 3
1889 3
1568 3
1883 3
1906 3
1914 3
1910 3
1984 3
1818 3
1960 3
1980 3
1829 3
1919 3
1937 3
1152 3
1907 3
8 3
1752 3
1905 3
1957 3
1755 3
1981 3
1661 3
1982 3
1938 3
1615 3
1921 3
1767 3
1955 3
1967 3
1691 3
1891 3
1779 3
1993 3
128 3
1817 3
1946 2
1977 2
2036 2
1887 2
1918 2
2000 2
1909 2
1991 2
2014 2
1974 2
1793 2
2015 2
162 2
1973 2
1972 2
1987 2
1863 2
1809 2
2025 2
2004 2
2024 2
1963 2
1983 2
1800 2
1934 2
1976 2
1951 2
2018 2
1966 2
1917 2
2008 2
1952 2
2016 2
2020 2
1807 2
1795 2
1956 2
1996 2
1806 2
1935 2
1925 1
2 1
2039 1
2013 1
2030 1
1995 1
2026 1
2012 1
2042 1
1975 1
1901 1
1989 1
1970 1
2009 1
2006 1
2040 1
2043 1
2017 1
1899 1
2032 1
2046 1
2031 1
2022 1
2044 1
1998 1
1950 1
2002 1
1965 1
1923 1
1994 1
2045 1
1971 1
1992 1
2028 1
1985 1
1922 1
2003 1
2034 1
1961 1
